35 2 29 4
33 2 29 15
13 4 29 10 21 28
33 3 29 23 10
35 3 29 3 21
33 3 29 9 15
15 3 29 21 28
35 3 29 10 13
33 3 29 26 15
33 4 29 7 21 28
19 3 29 7 21
13 3 29 25 30
35 2 29 3
2 5 29 26 9 27 15
33 3 29 24 20
35 3 29 7 21
13 3 29 10 15
19 2 29 26
15 2 29 30
19 2 29 13
15 2 29 30
33 4 29 7 13 31
30 3 29 0 21
33 5 29 7 6 22 19
33 4 29 24 21 17
22 3 29 11 21
9 1 29
3 2 29 11
33 2 29 24
19 3 29 11 21
35 3 29 5 30
33 4 29 24 12 15
13 4 29 7 21 28
19 2 29 23
33 3 29 26 30
33 3 29 9 21
19 3 29 10 21
33 3 29 23 30
34 4 29 11 21 18
15 4 29 1 14 18
13 2 29 12
13 2 29 7
15 1 29
19 2 29 13
15 2 29 30
35 3 29 3 13
33 3 29 7 15
9 3 29 21 28
19 1 29
22 4 29 11 30 31
30 2 29 0
33 5 29 26 11 6 19
19 4 29 11 21 17
8 2 29 30
16 1 29
14 1 29
23 1 29
11 2 29 16
32 2 29 16
12 1 29
18 1 29
4 1 29
26 1 29
10 1 29
1 1 29
20 1 29
29 2 29 16
7 1 29
6 2 29 16
12 1 29
5 1 29
25 3 29 16 18
17 3 29 14 18
35 2 29 3
33 4 29 26 7 15
2 6 29 26 9 27 21 28
33 4 29 23 10 20
19 3 29 7 21
33 4 29 12 30 31
30 3 29 0 21
33 5 29 12 6 22 19
33 5 29 10 21 17 31
30 3 29 0 21
33 5 29 12 6 22 19
33 4 29 24 21 17
15 2 29 21
19 2 29 13
33 3 29 9 30
13 4 29 25 7 21
19 1 29
15 2 29 30
33 3 29 26 13
34 4 29 11 21 18
15 4 29 1 14 18
13 2 29 10
33 2 29 7
19 3 29 7 21
33 4 29 26 12 30
19 4 29 23 7 21
33 4 29 26 12 30
19 4 29 26 10 21
27 3 29 24 30
33 2 29 8
19 3 29 7 21
35 3 29 3 30
33 3 29 25 15
33 4 29 26 21 28
22 4 29 12 21 31
30 2 29 0
22 5 29 26 11 6 19
15 2 29 17
13 3 29 23 13
35 2 29 3
2 5 29 26 9 27 15
33 4 29 26 12 20
33 2 29 21
33 3 29 12 21
33 2 29 21
19 4 29 26 7 21
27 3 29 24 30
35 2 29 4
33 3 29 24 15
13 4 29 9 21 28
22 3 29 11 31
30 2 29 0
35 4 29 4 6 19
2 5 29 9 27 15 17
33 3 29 10 20
13 3 29 9 21
33 2 29 7
19 4 29 26 7 21
35 3 29 5 30
33 3 29 25 15
33 5 29 25 9 21 28
35 3 29 4 21
33 3 29 23 15
35 4 29 5 21 28
24 3 29 9 15
22 3 29 11 18
15 4 29 1 14 18
35 2 29 4
15 3 29 2 15
22 2 29 13
0 3 29 26 7
13 3 29 23 7
15 3 29 2 31
30 3 29 0 13
15 4 29 2 6 19
33 4 29 13 17 31
30 3 29 0 21
33 4 29 6 22 19
15 4 29 2 21 17
35 3 29 5 13
33 4 29 25 8 15
13 3 29 21 28
13 3 29 7 31
30 2 29 0
15 4 29 2 6 19
33 4 29 10 13 17
35 3 29 4 21
33 3 29 10 15
15 5 29 2 21 28 31
30 3 29 0 13
15 4 29 2 6 19
31 3 29 13 17
13 1 29
19 1 29
35 3 29 7 30
13 4 29 26 7 15
15 2 29 2
35 3 29 5 13
33 4 29 25 8 15
13 3 29 21 28
13 3 29 7 31
30 2 29 0
28 5 29 9 27 6 19
15 3 29 2 17
33 4 29 25 10 13
15 3 29 2 21
33 4 29 25 8 13
13 2 29 21
13 1 29
33 2 29 26
22 4 29 11 21 18
15 4 29 1 14 18
35 2 29 26
2 5 29 26 9 27 15
33 2 29 20
15 2 29 21
33 4 29 7 13 31
30 3 29 0 21
33 5 29 8 6 22 19
33 4 29 26 21 17
35 3 29 5 21
21 2 29 15
33 3 29 23 12
22 4 29 11 21 18
15 4 29 1 14 18
